# Electron beam PSF for BEAMER proximity correction
# Generated from Geant4 simulation by EBL GUI
# Source: psf_E100keV_beam70.0nm_resist35nm_Sn-MLD_run001.csv
# Beam energy: 100.0 keV
# Format: radius(um) relative_energy_deposition
# PSF normalized to maximum = 1.0
#
5.210000e-04 6.087400e-01
5.650000e-04 7.275821e-01
6.130000e-04 6.713675e-01
6.650000e-04 2.955457e-01
7.210000e-04 5.567786e-01
7.820000e-04 1.000000e+00
8.490000e-04 7.651446e-01
9.200000e-04 8.390937e-01
9.990000e-04 6.337909e-01
1.083000e-03 6.090285e-01
1.175000e-03 3.668352e-01
1.275000e-03 5.525233e-01
1.383000e-03 5.271098e-01
1.500000e-03 5.141402e-01
1.627000e-03 7.798720e-01
1.765000e-03 6.231288e-01
1.915000e-03 6.366069e-01
2.077000e-03 6.401062e-01
2.253000e-03 6.312093e-01
2.444000e-03 6.780271e-01
2.651000e-03 5.552796e-01
2.876000e-03 6.034473e-01
3.120000e-03 7.219907e-01
3.384000e-03 5.841814e-01
3.671000e-03 7.140002e-01
3.982000e-03 6.309494e-01
4.320000e-03 7.025634e-01
4.686000e-03 6.635878e-01
5.084000e-03 5.754678e-01
5.514000e-03 6.677672e-01
5.982000e-03 6.404801e-01
6.489000e-03 6.326765e-01
7.039000e-03 5.975667e-01
7.636000e-03 6.589670e-01
8.283000e-03 6.444812e-01
8.986000e-03 6.346369e-01
9.747000e-03 6.157605e-01
1.057400e-02 6.430525e-01
1.147000e-02 6.039410e-01
1.244300e-02 6.045554e-01
1.349700e-02 6.066712e-01
1.464200e-02 5.693061e-01
1.588300e-02 5.633135e-01
1.722900e-02 5.567493e-01
1.869000e-02 5.371091e-01
2.027400e-02 5.118912e-01
2.199300e-02 5.059919e-01
2.385800e-02 4.686688e-01
2.588000e-02 4.424372e-01
2.807400e-02 4.248973e-01
3.045400e-02 3.831600e-01
3.303600e-02 3.482111e-01
3.583700e-02 3.130331e-01
3.887500e-02 2.683394e-01
4.217100e-02 2.270982e-01
4.574600e-02 1.918935e-01
4.962400e-02 1.533752e-01
5.383100e-02 1.184448e-01
5.839400e-02 8.835792e-02
6.334500e-02 6.214900e-02
6.871500e-02 4.081145e-02
7.454100e-02 2.433726e-02
8.086000e-02 1.408066e-02
8.771500e-02 6.842771e-03
9.515100e-02 3.505928e-03
1.032170e-01 1.286840e-03
1.119680e-01 5.904046e-04
1.214600e-01 2.556208e-04
1.317570e-01 1.486572e-04
1.429270e-01 9.106106e-05
1.550440e-01 6.693131e-05
1.681880e-01 4.798277e-05
1.824460e-01 3.437549e-05
1.979130e-01 3.784740e-05
2.146920e-01 3.351792e-05
2.328920e-01 2.753665e-05
2.526360e-01 2.022364e-05
2.740540e-01 1.416967e-05
2.972870e-01 1.105651e-05
3.224900e-01 7.931654e-06
3.498290e-01 1.449773e-05
3.794860e-01 1.044266e-05
4.116580e-01 5.740596e-06
4.465570e-01 4.469591e-06
4.844140e-01 3.257150e-06
5.254810e-01 2.967987e-06
5.700290e-01 3.254438e-06
6.183540e-01 2.924626e-06
6.707760e-01 2.983752e-06
7.276420e-01 1.671308e-06
7.893290e-01 1.904673e-06
8.562450e-01 1.141643e-06
9.288350e-01 1.200935e-06
1.007578e+00 1.330672e-06
1.092997e+00 1.150658e-06
1.185657e+00 9.650604e-07
1.286173e+00 4.957013e-07
1.395210e+00 4.377956e-07
1.513491e+00 8.171876e-07
1.641799e+00 4.559100e-07
1.780984e+00 3.304784e-07
1.931970e+00 2.472964e-07
2.095755e+00 1.914207e-07
2.273425e+00 2.197551e-07
2.466158e+00 1.537762e-07
2.675230e+00 2.386369e-07
2.902026e+00 2.144053e-07
3.148049e+00 1.423982e-07
3.414929e+00 1.651873e-07
3.704434e+00 1.282119e-07
4.018483e+00 8.887670e-08
4.359155e+00 8.696488e-08
4.728708e+00 1.088763e-07
5.129591e+00 1.148138e-07
5.564458e+00 7.996873e-08
6.036193e+00 8.056057e-08
6.547919e+00 7.267170e-08
7.103028e+00 9.315806e-08
7.705196e+00 6.043862e-08
8.358414e+00 7.621396e-08
9.067010e+00 6.446178e-08
9.835678e+00 7.023357e-08
1.066951e+01 6.203070e-08
1.157403e+01 6.006211e-08
1.255524e+01 6.124876e-08
1.361962e+01 6.356501e-08
1.477425e+01 6.350538e-08
1.602675e+01 6.266770e-08
1.738544e+01 5.852401e-08
1.885931e+01 5.593096e-08
2.045814e+01 5.395898e-08
2.219250e+01 5.030077e-08
2.407390e+01 4.661474e-08
2.611480e+01 4.113084e-08
2.832872e+01 3.544029e-08
3.073032e+01 3.041787e-08
3.333553e+01 2.485077e-08
3.616159e+01 1.860111e-08
3.922724e+01 1.384578e-08
4.255278e+01 9.058193e-09
4.616024e+01 5.131884e-09
5.007354e+01 2.454719e-09
5.431859e+01 1.081328e-09
5.892352e+01 3.639326e-10
6.391884e+01 1.084836e-10
6.933765e+01 2.509858e-12
8.159236e+01 6.777775e-12
