# Electron beam PSF for BEAMER proximity correction
# Generated from Geant4 simulation by EBL GUI
# Source: psf_E100keV_beam65.0nm_resist30nm_Sn-MLD_run001.csv
# Beam energy: 100.0 keV
# Format: radius(um) relative_energy_deposition
# PSF normalized to maximum = 1.0
#
5.210000e-04 8.699999e-01
5.650000e-04 8.116187e-01
6.130000e-04 6.827877e-01
6.650000e-04 7.168335e-01
7.210000e-04 8.712522e-01
7.820000e-04 1.000000e+00
8.490000e-04 5.788143e-01
9.200000e-04 8.154777e-01
9.990000e-04 7.315841e-01
1.083000e-03 7.376070e-01
1.175000e-03 7.883572e-01
1.275000e-03 9.047796e-01
1.383000e-03 6.632846e-01
1.500000e-03 8.153854e-01
1.627000e-03 7.410446e-01
1.765000e-03 8.681760e-01
1.915000e-03 8.367922e-01
2.077000e-03 7.273166e-01
2.253000e-03 7.835942e-01
2.444000e-03 9.358290e-01
2.651000e-03 8.061437e-01
2.876000e-03 7.653114e-01
3.120000e-03 8.260707e-01
3.384000e-03 8.038096e-01
3.671000e-03 8.226500e-01
3.982000e-03 7.746236e-01
4.320000e-03 7.930950e-01
4.686000e-03 8.015129e-01
5.084000e-03 7.998618e-01
5.514000e-03 7.204007e-01
5.982000e-03 8.083885e-01
6.489000e-03 8.011141e-01
7.039000e-03 7.552696e-01
7.636000e-03 7.875010e-01
8.283000e-03 7.840197e-01
8.986000e-03 7.630952e-01
9.747000e-03 7.728490e-01
1.057400e-02 7.641992e-01
1.147000e-02 7.400239e-01
1.244300e-02 7.411760e-01
1.349700e-02 7.240835e-01
1.464200e-02 7.098773e-01
1.588300e-02 6.943620e-01
1.722900e-02 6.719179e-01
1.869000e-02 6.512969e-01
2.027400e-02 6.255511e-01
2.199300e-02 5.857392e-01
2.385800e-02 5.561446e-01
2.588000e-02 5.219633e-01
2.807400e-02 4.773549e-01
3.045400e-02 4.364582e-01
3.303600e-02 3.879611e-01
3.583700e-02 3.406742e-01
3.887500e-02 2.844915e-01
4.217100e-02 2.400895e-01
4.574600e-02 1.971512e-01
4.962400e-02 1.499979e-01
5.383100e-02 1.099816e-01
5.839400e-02 7.732282e-02
6.334500e-02 5.158275e-02
6.871500e-02 3.102173e-02
7.454100e-02 1.779237e-02
8.086000e-02 8.843872e-03
8.771500e-02 4.394787e-03
9.515100e-02 1.787269e-03
1.032170e-01 7.869844e-04
1.119680e-01 3.567510e-04
1.214600e-01 2.096156e-04
1.317570e-01 1.345808e-04
1.429270e-01 8.724469e-05
1.550440e-01 7.316146e-05
1.681880e-01 5.848589e-05
1.824460e-01 5.432589e-05
1.979130e-01 3.526614e-05
2.146920e-01 3.471840e-05
2.328920e-01 2.462858e-05
2.526360e-01 2.342494e-05
2.740540e-01 2.196183e-05
2.972870e-01 1.624342e-05
3.224900e-01 1.448474e-05
3.498290e-01 9.755366e-06
3.794860e-01 1.030703e-05
4.116580e-01 8.034440e-06
4.465570e-01 5.399132e-06
4.844140e-01 4.740656e-06
5.254810e-01 4.069995e-06
5.700290e-01 3.572835e-06
6.183540e-01 3.264338e-06
6.707760e-01 2.783372e-06
7.276420e-01 2.269917e-06
7.893290e-01 1.487079e-06
8.562450e-01 1.600665e-06
9.288350e-01 1.337584e-06
1.007578e+00 7.605748e-07
1.092997e+00 1.105645e-06
1.185657e+00 8.281717e-07
1.286173e+00 8.670265e-07
1.395210e+00 4.633339e-07
1.513491e+00 3.853597e-07
1.641799e+00 4.139008e-07
1.780984e+00 3.622828e-07
1.931970e+00 2.932063e-07
2.095755e+00 3.261246e-07
2.273425e+00 2.563351e-07
2.466158e+00 2.036287e-07
2.675230e+00 2.082369e-07
2.902026e+00 2.005193e-07
3.148049e+00 1.888672e-07
3.414929e+00 1.563300e-07
3.704434e+00 1.464985e-07
4.018483e+00 1.476195e-07
4.359155e+00 1.101973e-07
4.728708e+00 1.281012e-07
5.129591e+00 1.046659e-07
5.564458e+00 1.115468e-07
6.036193e+00 1.028598e-07
6.547919e+00 8.122972e-08
7.103028e+00 7.868771e-08
7.705196e+00 9.295298e-08
8.358414e+00 7.419581e-08
9.067010e+00 1.377245e-07
9.835678e+00 6.464311e-07
1.066951e+01 6.137373e-07
1.157403e+01 5.897996e-07
1.255524e+01 5.725266e-07
1.361962e+01 5.575467e-07
1.477425e+01 5.274451e-07
1.602675e+01 5.205373e-07
1.738544e+01 5.138297e-07
1.885931e+01 5.035611e-07
2.045814e+01 4.865752e-07
2.219250e+01 4.616774e-07
2.407390e+01 4.128643e-07
2.611480e+01 3.728096e-07
2.832872e+01 3.220281e-07
3.073032e+01 2.720948e-07
3.333553e+01 2.182417e-07
3.616159e+01 1.598313e-07
3.922724e+01 1.131773e-07
4.255278e+01 7.596111e-08
4.616024e+01 4.602263e-08
5.007354e+01 2.404658e-08
5.431859e+01 1.166770e-08
5.892352e+01 2.335889e-09
6.391884e+01 5.301311e-10
6.933765e+01 2.721347e-10
7.521584e+01 6.175458e-10
