# Electron beam PSF for BEAMER proximity correction
# Generated from Geant4 simulation by EBL GUI
# Source: psf_E100keV_beam10.0nm_resist15nm_AluconeXPS_run001.csv
# Beam energy: 100.0 keV
# Format: radius(um) relative_energy_deposition
# PSF normalized to maximum = 1.0
#
5.210000e-04 9.463281e-01
5.650000e-04 8.240404e-01
6.130000e-04 9.755448e-01
6.650000e-04 9.193104e-01
7.210000e-04 1.000000e+00
7.820000e-04 9.406384e-01
8.490000e-04 9.043279e-01
9.200000e-04 9.947487e-01
9.990000e-04 9.842027e-01
1.083000e-03 9.864557e-01
1.175000e-03 9.203570e-01
1.275000e-03 9.484639e-01
1.383000e-03 9.646669e-01
1.500000e-03 8.546209e-01
1.627000e-03 8.810565e-01
1.765000e-03 9.139208e-01
1.915000e-03 8.723921e-01
2.077000e-03 9.050745e-01
2.253000e-03 8.489117e-01
2.444000e-03 8.257978e-01
2.651000e-03 7.996893e-01
2.876000e-03 7.791763e-01
3.120000e-03 7.389168e-01
3.384000e-03 7.192569e-01
3.671000e-03 6.549714e-01
3.982000e-03 6.226960e-01
4.320000e-03 5.838703e-01
4.686000e-03 5.329789e-01
5.084000e-03 4.767805e-01
5.514000e-03 4.196218e-01
5.982000e-03 3.566377e-01
6.489000e-03 3.056781e-01
7.039000e-03 2.457514e-01
7.636000e-03 1.911023e-01
8.283000e-03 1.438205e-01
8.986000e-03 1.020188e-01
9.747000e-03 7.009782e-02
1.057400e-02 4.299383e-02
1.147000e-02 2.451529e-02
1.244300e-02 1.303700e-02
1.349700e-02 6.326526e-03
1.464200e-02 2.776966e-03
1.588300e-02 1.011967e-03
1.722900e-02 4.699732e-04
1.869000e-02 2.411202e-04
2.027400e-02 1.870317e-04
2.199300e-02 1.284347e-04
2.385800e-02 1.154444e-04
2.588000e-02 1.112958e-04
2.807400e-02 9.553539e-05
3.045400e-02 8.067874e-05
3.303600e-02 7.003750e-05
3.583700e-02 5.586986e-05
3.887500e-02 4.697269e-05
4.217100e-02 4.791296e-05
4.574600e-02 3.312130e-05
4.962400e-02 2.419327e-05
5.383100e-02 2.374889e-05
5.839400e-02 1.944224e-05
6.334500e-02 1.810009e-05
6.871500e-02 1.137260e-05
7.454100e-02 1.022341e-05
8.086000e-02 6.399765e-06
8.771500e-02 6.378792e-06
9.515100e-02 5.260996e-06
1.032170e-01 4.022216e-06
1.119680e-01 3.751771e-06
1.214600e-01 3.228076e-06
1.317570e-01 2.375062e-06
1.429270e-01 1.857505e-06
1.550440e-01 1.309742e-06
1.681880e-01 9.534188e-07
1.824460e-01 7.609877e-07
1.979130e-01 7.141173e-07
2.146920e-01 5.586592e-07
2.328920e-01 4.180915e-07
2.526360e-01 4.126248e-07
2.740540e-01 4.805775e-07
2.972870e-01 2.053402e-07
3.224900e-01 2.817176e-07
3.498290e-01 1.553053e-07
3.794860e-01 1.372372e-07
4.116580e-01 1.677891e-07
4.465570e-01 1.122416e-07
4.844140e-01 1.319235e-07
5.254810e-01 6.800444e-08
5.700290e-01 6.445904e-08
6.183540e-01 5.193751e-08
6.707760e-01 3.945675e-08
7.276420e-01 3.520491e-08
7.893290e-01 4.635394e-08
8.562450e-01 1.682201e-08
9.288350e-01 2.470849e-08
1.007578e+00 2.375562e-08
1.092997e+00 1.570426e-08
1.185657e+00 1.302740e-08
1.286173e+00 1.663179e-08
1.395210e+00 1.134768e-08
1.513491e+00 7.633921e-09
1.641799e+00 6.690072e-09
1.780984e+00 7.309613e-09
1.931970e+00 5.385358e-09
2.095755e+00 4.815010e-09
2.273425e+00 4.761694e-09
2.466158e+00 3.932943e-09
2.675230e+00 4.212416e-09
2.902026e+00 4.578260e-09
3.148049e+00 3.118888e-09
3.414929e+00 3.041015e-09
3.704434e+00 3.313109e-09
4.018483e+00 2.824371e-09
4.359155e+00 2.715328e-09
4.728708e+00 2.349437e-09
5.129591e+00 2.138042e-09
5.564458e+00 2.225086e-09
6.036193e+00 2.780197e-09
6.547919e+00 1.683087e-09
7.103028e+00 1.784214e-09
7.705196e+00 1.718720e-09
8.358414e+00 1.636634e-09
9.067010e+00 1.508298e-09
9.835678e+00 1.722961e-09
1.066951e+01 1.476309e-09
1.157403e+01 1.521862e-09
1.255524e+01 1.525785e-09
1.361962e+01 1.498284e-09
1.477425e+01 1.425017e-09
1.602675e+01 1.408262e-09
1.738544e+01 1.390480e-09
1.885931e+01 1.391678e-09
2.045814e+01 1.355732e-09
2.219250e+01 1.292282e-09
2.407390e+01 1.156043e-09
2.611480e+01 1.007059e-09
2.832872e+01 8.434798e-10
3.073032e+01 7.050089e-10
3.333553e+01 5.383827e-10
3.616159e+01 4.139670e-10
3.922724e+01 3.023711e-10
4.255278e+01 2.055412e-10
4.616024e+01 1.245717e-10
5.007354e+01 6.898282e-11
5.431859e+01 2.851413e-11
5.892352e+01 8.736957e-12
6.391884e+01 1.724119e-12
