# Electron beam PSF for BEAMER proximity correction
# Generated from Geant4 simulation by EBL GUI
# Source: psf_E100keV_beam2.0nm_resist30nm_AluconeXPS_run001.csv
# Beam energy: 100.0 keV
# Format: radius(um) relative_energy_deposition
# PSF normalized to maximum = 1.0
#
5.210000e-04 1.000000e+00
5.650000e-04 9.065217e-01
6.130000e-04 8.617987e-01
6.650000e-04 8.316683e-01
7.210000e-04 8.042671e-01
7.820000e-04 7.712041e-01
8.490000e-04 7.040274e-01
9.200000e-04 6.744489e-01
9.990000e-04 5.960491e-01
1.083000e-03 5.420208e-01
1.175000e-03 4.824007e-01
1.275000e-03 4.182009e-01
1.383000e-03 3.496196e-01
1.500000e-03 2.913031e-01
1.627000e-03 2.352236e-01
1.765000e-03 1.776121e-01
1.915000e-03 1.289055e-01
2.077000e-03 9.156916e-02
2.253000e-03 6.176703e-02
2.444000e-03 3.973355e-02
2.651000e-03 2.368825e-02
2.876000e-03 1.423179e-02
3.120000e-03 8.567121e-03
3.384000e-03 4.682981e-03
3.671000e-03 2.932989e-03
3.982000e-03 2.006342e-03
4.320000e-03 1.276169e-03
4.686000e-03 7.953285e-04
5.084000e-03 6.115348e-04
5.514000e-03 5.184549e-04
5.982000e-03 2.989469e-04
6.489000e-03 2.342427e-04
7.039000e-03 1.692852e-04
7.636000e-03 1.141829e-04
8.283000e-03 9.757522e-05
8.986000e-03 6.571754e-05
9.747000e-03 6.462981e-05
1.057400e-02 4.810882e-05
1.147000e-02 3.625024e-05
1.244300e-02 3.161303e-05
1.349700e-02 2.765070e-05
1.464200e-02 2.225818e-05
1.588300e-02 2.031620e-05
1.722900e-02 1.904554e-05
1.869000e-02 1.349884e-05
2.027400e-02 1.610527e-05
2.199300e-02 1.347220e-05
2.385800e-02 1.124759e-05
2.588000e-02 9.083002e-06
2.807400e-02 8.839551e-06
3.045400e-02 7.511191e-06
3.303600e-02 6.159119e-06
3.583700e-02 5.402860e-06
3.887500e-02 3.989492e-06
4.217100e-02 3.581420e-06
4.574600e-02 2.719522e-06
4.962400e-02 2.279000e-06
5.383100e-02 1.708598e-06
5.839400e-02 1.534623e-06
6.334500e-02 1.352365e-06
6.871500e-02 8.587354e-07
7.454100e-02 6.588688e-07
8.086000e-02 6.057961e-07
8.771500e-02 4.408530e-07
9.515100e-02 3.459288e-07
1.032170e-01 2.739839e-07
1.119680e-01 2.831983e-07
1.214600e-01 2.026846e-07
1.317570e-01 1.267269e-07
1.429270e-01 1.322971e-07
1.550440e-01 1.045317e-07
1.681880e-01 8.335306e-08
1.824460e-01 6.949269e-08
1.979130e-01 6.172128e-08
2.146920e-01 4.790528e-08
2.328920e-01 4.827259e-08
2.526360e-01 2.158089e-08
2.740540e-01 2.092594e-08
2.972870e-01 1.203198e-08
3.224900e-01 1.971258e-08
3.498290e-01 1.283863e-08
3.794860e-01 1.156725e-08
4.116580e-01 7.077430e-09
4.465570e-01 6.578591e-09
4.844140e-01 7.422436e-09
5.254810e-01 5.259751e-09
5.700290e-01 3.577181e-09
6.183540e-01 5.367148e-09
6.707760e-01 3.596520e-09
7.276420e-01 2.530516e-09
7.893290e-01 3.303391e-09
8.562450e-01 3.218863e-09
9.288350e-01 1.958641e-09
1.007578e+00 1.039404e-09
1.092997e+00 9.452189e-10
1.185657e+00 8.575095e-10
1.286173e+00 5.582738e-10
1.395210e+00 1.157630e-09
1.513491e+00 6.222863e-10
1.641799e+00 9.927583e-10
1.780984e+00 7.213201e-10
1.931970e+00 4.689128e-10
2.095755e+00 5.196280e-10
2.273425e+00 2.979204e-10
2.466158e+00 2.449268e-10
2.675230e+00 2.927650e-10
2.902026e+00 2.676260e-10
3.148049e+00 3.192164e-10
3.414929e+00 2.144627e-10
3.704434e+00 1.746618e-10
4.018483e+00 1.757423e-10
4.359155e+00 1.731965e-10
4.728708e+00 1.495609e-10
5.129591e+00 1.357916e-10
5.564458e+00 1.585036e-10
6.036193e+00 1.071639e-10
6.547919e+00 1.341123e-10
7.103028e+00 1.295977e-10
7.705196e+00 1.317257e-10
8.358414e+00 1.130321e-10
9.067010e+00 1.187147e-10
9.835678e+00 1.097253e-10
1.066951e+01 1.126346e-10
1.157403e+01 1.058984e-10
1.255524e+01 1.023050e-10
1.361962e+01 1.008747e-10
1.477425e+01 1.013022e-10
1.602675e+01 1.002162e-10
1.738544e+01 9.853975e-11
1.885931e+01 9.621116e-11
2.045814e+01 9.253992e-11
2.219250e+01 8.561927e-11
2.407390e+01 7.954099e-11
2.611480e+01 7.057401e-11
2.832872e+01 5.995368e-11
3.073032e+01 4.933755e-11
3.333553e+01 3.672772e-11
3.616159e+01 2.717445e-11
3.922724e+01 1.962973e-11
4.255278e+01 1.299052e-11
4.616024e+01 7.773295e-12
5.007354e+01 3.849724e-12
5.431859e+01 1.368186e-12
