# Electron beam PSF for BEAMER proximity correction
# Generated from Geant4 simulation by EBL GUI
# Source: psf_E100keV_beam5.0nm_resist15nm_Sn-MLD_run001.csv
# Beam energy: 100.0 keV
# Format: radius(um) relative_energy_deposition
# PSF normalized to maximum = 1.0
#
5.210000e-04 9.371848e-01
5.650000e-04 8.839868e-01
6.130000e-04 1.000000e+00
6.650000e-04 9.156594e-01
7.210000e-04 9.020154e-01
7.820000e-04 8.391820e-01
8.490000e-04 8.795556e-01
9.200000e-04 8.193451e-01
9.990000e-04 8.204103e-01
1.083000e-03 8.379072e-01
1.175000e-03 8.243779e-01
1.275000e-03 8.216586e-01
1.383000e-03 7.615179e-01
1.500000e-03 7.465613e-01
1.627000e-03 7.257798e-01
1.765000e-03 6.848317e-01
1.915000e-03 6.407244e-01
2.077000e-03 6.074575e-01
2.253000e-03 5.531043e-01
2.444000e-03 5.013949e-01
2.651000e-03 4.555878e-01
2.876000e-03 3.971330e-01
3.120000e-03 3.373728e-01
3.384000e-03 2.804093e-01
3.671000e-03 2.288509e-01
3.982000e-03 1.747930e-01
4.320000e-03 1.333929e-01
4.686000e-03 9.341934e-02
5.084000e-03 6.135853e-02
5.514000e-03 3.935990e-02
5.982000e-03 2.280713e-02
6.489000e-03 1.249290e-02
7.039000e-03 6.531242e-03
7.636000e-03 3.231771e-03
8.283000e-03 1.588885e-03
8.986000e-03 8.060258e-04
9.747000e-03 5.034386e-04
1.057400e-02 3.001015e-04
1.147000e-02 2.498822e-04
1.244300e-02 2.159553e-04
1.349700e-02 1.791667e-04
1.464200e-02 1.361436e-04
1.588300e-02 1.155009e-04
1.722900e-02 8.187733e-05
1.869000e-02 6.556011e-05
2.027400e-02 4.961547e-05
2.199300e-02 5.028940e-05
2.385800e-02 4.253804e-05
2.588000e-02 4.088684e-05
2.807400e-02 3.637955e-05
3.045400e-02 2.943523e-05
3.303600e-02 2.071184e-05
3.583700e-02 1.935901e-05
3.887500e-02 1.385675e-05
4.217100e-02 1.425056e-05
4.574600e-02 1.146258e-05
4.962400e-02 8.713288e-06
5.383100e-02 4.917228e-06
5.839400e-02 5.111703e-06
6.334500e-02 4.869446e-06
6.871500e-02 3.893156e-06
7.454100e-02 2.903343e-06
8.086000e-02 2.202453e-06
8.771500e-02 1.969657e-06
9.515100e-02 1.357066e-06
1.032170e-01 1.080691e-06
1.119680e-01 9.582466e-07
1.214600e-01 6.561352e-07
1.317570e-01 7.175686e-07
1.429270e-01 5.633221e-07
1.550440e-01 4.243026e-07
1.681880e-01 1.863729e-07
1.824460e-01 2.300296e-07
1.979130e-01 1.652075e-07
2.146920e-01 1.626791e-07
2.328920e-01 1.799205e-07
2.526360e-01 1.589950e-07
2.740540e-01 9.347998e-08
2.972870e-01 1.083712e-07
3.224900e-01 6.873120e-08
3.498290e-01 5.647354e-08
3.794860e-01 6.652738e-08
4.116580e-01 4.901685e-08
4.465570e-01 4.082716e-08
4.844140e-01 2.434193e-08
5.254810e-01 2.362764e-08
5.700290e-01 3.486579e-08
6.183540e-01 1.968272e-08
6.707760e-01 1.383834e-08
7.276420e-01 1.093155e-08
7.893290e-01 9.979183e-09
8.562450e-01 1.081799e-08
9.288350e-01 5.606448e-09
1.007578e+00 7.107347e-09
1.092997e+00 4.844921e-09
1.185657e+00 6.771658e-09
1.286173e+00 5.795012e-09
1.395210e+00 4.064688e-09
1.513491e+00 3.139956e-09
1.641799e+00 2.294206e-09
1.780984e+00 1.868771e-09
1.931970e+00 1.938514e-09
2.095755e+00 1.448925e-09
2.273425e+00 1.672619e-09
2.466158e+00 1.879172e-09
2.675230e+00 1.408122e-09
2.902026e+00 1.086888e-09
3.148049e+00 1.092062e-09
3.414929e+00 1.187886e-09
3.704434e+00 9.383236e-10
4.018483e+00 9.269688e-10
4.359155e+00 8.334727e-10
4.728708e+00 7.283425e-10
5.129591e+00 7.647618e-10
5.564458e+00 6.634778e-10
6.036193e+00 8.834218e-10
6.547919e+00 5.533172e-10
7.103028e+00 6.081387e-10
7.705196e+00 5.031024e-10
8.358414e+00 5.100464e-10
9.067010e+00 5.360952e-10
9.835678e+00 4.923919e-10
1.066951e+01 4.997086e-10
1.157403e+01 4.788771e-10
1.255524e+01 4.882964e-10
1.361962e+01 5.060760e-10
1.477425e+01 4.902501e-10
1.602675e+01 4.754870e-10
1.738544e+01 4.344921e-10
1.885931e+01 4.152811e-10
2.045814e+01 4.000345e-10
2.219250e+01 3.759665e-10
2.407390e+01 3.337187e-10
2.611480e+01 2.995015e-10
2.832872e+01 2.590623e-10
3.073032e+01 2.124103e-10
3.333553e+01 1.734957e-10
3.616159e+01 1.348696e-10
3.922724e+01 1.005256e-10
4.255278e+01 6.537114e-11
4.616024e+01 4.072322e-11
5.007354e+01 1.936882e-11
5.431859e+01 7.797189e-12
5.892352e+01 2.832357e-12
