# Electron beam PSF for BEAMER proximity correction
# Generated from Geant4 simulation by EBL GUI
# Source: psf_E100keV_beam65.0nm_resist50nm_Sn-MLD_run001.csv
# Beam energy: 100.0 keV
# Format: radius(um) relative_energy_deposition
# PSF normalized to maximum = 1.0
#
5.210000e-04 9.345900e-01
5.650000e-04 8.956633e-01
6.130000e-04 5.743802e-01
6.650000e-04 8.550613e-01
7.210000e-04 5.834721e-01
7.820000e-04 6.106444e-01
8.490000e-04 5.426783e-01
9.200000e-04 9.498121e-01
9.990000e-04 7.668057e-01
1.083000e-03 7.917176e-01
1.175000e-03 9.287329e-01
1.275000e-03 8.162804e-01
1.383000e-03 8.687555e-01
1.500000e-03 7.729531e-01
1.627000e-03 9.159360e-01
1.765000e-03 8.046878e-01
1.915000e-03 8.418932e-01
2.077000e-03 9.525008e-01
2.253000e-03 1.000000e+00
2.444000e-03 9.528433e-01
2.651000e-03 7.753523e-01
2.876000e-03 8.315961e-01
3.120000e-03 9.355098e-01
3.384000e-03 8.472653e-01
3.671000e-03 7.995678e-01
3.982000e-03 9.568513e-01
4.320000e-03 9.083244e-01
4.686000e-03 9.017495e-01
5.084000e-03 8.644456e-01
5.514000e-03 8.097639e-01
5.982000e-03 8.684056e-01
6.489000e-03 8.699992e-01
7.039000e-03 8.679075e-01
7.636000e-03 8.751886e-01
8.283000e-03 8.793100e-01
8.986000e-03 8.587429e-01
9.747000e-03 8.319644e-01
1.057400e-02 8.080356e-01
1.147000e-02 7.912232e-01
1.244300e-02 8.042887e-01
1.349700e-02 8.064806e-01
1.464200e-02 7.511956e-01
1.588300e-02 7.615711e-01
1.722900e-02 7.326952e-01
1.869000e-02 7.061667e-01
2.027400e-02 6.709877e-01
2.199300e-02 6.289235e-01
2.385800e-02 6.043003e-01
2.588000e-02 5.671853e-01
2.807400e-02 5.129684e-01
3.045400e-02 4.729457e-01
3.303600e-02 4.295084e-01
3.583700e-02 3.655170e-01
3.887500e-02 3.191173e-01
4.217100e-02 2.645176e-01
4.574600e-02 2.118289e-01
4.962400e-02 1.629842e-01
5.383100e-02 1.213153e-01
5.839400e-02 8.562328e-02
6.334500e-02 5.630873e-02
6.871500e-02 3.415701e-02
7.454100e-02 1.910705e-02
8.086000e-02 9.771807e-03
8.771500e-02 4.546141e-03
9.515100e-02 1.910279e-03
1.032170e-01 8.284499e-04
1.119680e-01 3.411484e-04
1.214600e-01 2.265163e-04
1.317570e-01 1.853992e-04
1.429270e-01 1.290724e-04
1.550440e-01 1.055976e-04
1.681880e-01 7.541779e-05
1.824460e-01 8.544454e-05
1.979130e-01 4.254034e-05
2.146920e-01 3.610049e-05
2.328920e-01 3.055257e-05
2.526360e-01 2.400857e-05
2.740540e-01 3.174195e-05
2.972870e-01 1.805722e-05
3.224900e-01 1.190433e-05
3.498290e-01 1.184878e-05
3.794860e-01 6.480473e-06
4.116580e-01 9.630443e-06
4.465570e-01 7.944498e-06
4.844140e-01 5.784100e-06
5.254810e-01 3.564299e-06
5.700290e-01 3.365191e-06
6.183540e-01 2.589476e-06
6.707760e-01 3.484329e-06
7.276420e-01 2.098559e-06
7.893290e-01 1.885482e-06
8.562450e-01 1.467810e-06
9.288350e-01 9.156888e-07
1.007578e+00 1.665246e-06
1.092997e+00 8.557778e-07
1.185657e+00 1.091470e-06
1.286173e+00 7.860293e-07
1.395210e+00 9.102916e-07
1.513491e+00 5.256352e-07
1.641799e+00 4.848011e-07
1.780984e+00 5.656566e-07
1.931970e+00 3.019490e-07
2.095755e+00 3.959339e-07
2.273425e+00 3.028347e-07
2.466158e+00 2.269082e-07
2.675230e+00 1.373159e-07
2.902026e+00 1.494804e-07
3.148049e+00 1.883532e-07
3.414929e+00 1.161972e-07
3.704434e+00 1.125817e-07
4.018483e+00 1.280311e-07
4.359155e+00 1.015762e-07
4.728708e+00 1.039474e-07
5.129591e+00 1.182961e-07
5.564458e+00 1.446395e-07
6.036193e+00 8.864186e-08
6.547919e+00 8.093253e-08
7.103028e+00 8.016866e-08
7.705196e+00 9.171675e-08
8.358414e+00 8.447700e-08
9.067010e+00 1.661696e-07
9.835678e+00 6.397532e-07
1.066951e+01 6.965116e-07
1.157403e+01 6.581841e-07
1.255524e+01 6.200407e-07
1.361962e+01 5.888059e-07
1.477425e+01 5.863278e-07
1.602675e+01 5.765772e-07
1.738544e+01 5.687311e-07
1.885931e+01 5.483470e-07
2.045814e+01 5.176349e-07
2.219250e+01 4.802419e-07
2.407390e+01 4.524152e-07
2.611480e+01 4.031102e-07
2.832872e+01 3.538756e-07
3.073032e+01 2.865412e-07
3.333553e+01 2.292883e-07
3.616159e+01 1.728894e-07
3.922724e+01 1.249978e-07
4.255278e+01 8.198926e-08
4.616024e+01 5.051059e-08
5.007354e+01 2.608231e-08
5.431859e+01 1.225081e-08
5.892352e+01 3.332904e-09
6.391884e+01 9.484088e-10
8.159236e+01 2.405183e-11
9.601297e+01 2.080305e-10
