# Electron beam PSF for BEAMER proximity correction
# Generated from Geant4 simulation by EBL GUI
# Source: psf_E100keV_beam70.0nm_resist15nm_Sn-MLD_run001.csv
# Beam energy: 100.0 keV
# Format: radius(um) relative_energy_deposition
# PSF normalized to maximum = 1.0
#
5.210000e-04 9.535830e-01
5.650000e-04 5.402740e-01
6.130000e-04 7.534732e-01
6.650000e-04 6.115787e-01
7.210000e-04 6.007843e-01
7.820000e-04 4.157823e-01
8.490000e-04 6.582520e-01
9.200000e-04 5.293401e-01
9.990000e-04 1.000000e+00
1.083000e-03 8.161246e-01
1.175000e-03 6.092413e-01
1.275000e-03 4.522958e-01
1.383000e-03 5.868725e-01
1.500000e-03 4.567182e-01
1.627000e-03 5.933410e-01
1.765000e-03 6.814893e-01
1.915000e-03 6.227387e-01
2.077000e-03 6.674344e-01
2.253000e-03 6.520117e-01
2.444000e-03 5.478118e-01
2.651000e-03 6.604481e-01
2.876000e-03 7.102603e-01
3.120000e-03 6.729422e-01
3.384000e-03 6.812287e-01
3.671000e-03 6.576467e-01
3.982000e-03 6.469525e-01
4.320000e-03 6.052077e-01
4.686000e-03 7.478311e-01
5.084000e-03 6.646834e-01
5.514000e-03 6.484743e-01
5.982000e-03 6.926003e-01
6.489000e-03 6.318372e-01
7.039000e-03 6.361870e-01
7.636000e-03 7.049742e-01
8.283000e-03 7.040917e-01
8.986000e-03 6.091224e-01
9.747000e-03 6.324127e-01
1.057400e-02 6.580206e-01
1.147000e-02 6.530205e-01
1.244300e-02 5.971110e-01
1.349700e-02 6.233500e-01
1.464200e-02 5.929829e-01
1.588300e-02 5.921551e-01
1.722900e-02 5.940486e-01
1.869000e-02 5.672197e-01
2.027400e-02 5.495435e-01
2.199300e-02 5.246164e-01
2.385800e-02 4.996762e-01
2.588000e-02 4.686321e-01
2.807400e-02 4.367133e-01
3.045400e-02 4.037836e-01
3.303600e-02 3.684557e-01
3.583700e-02 3.232005e-01
3.887500e-02 2.882098e-01
4.217100e-02 2.426819e-01
4.574600e-02 2.010267e-01
4.962400e-02 1.611329e-01
5.383100e-02 1.225489e-01
5.839400e-02 9.147248e-02
6.334500e-02 6.361809e-02
6.871500e-02 4.245966e-02
7.454100e-02 2.561352e-02
8.086000e-02 1.366077e-02
8.771500e-02 7.012606e-03
9.515100e-02 3.120565e-03
1.032170e-01 1.344618e-03
1.119680e-01 5.113014e-04
1.214600e-01 2.421903e-04
1.317570e-01 1.527884e-04
1.429270e-01 1.068261e-04
1.550440e-01 6.828082e-05
1.681880e-01 6.101518e-05
1.824460e-01 5.383739e-05
1.979130e-01 3.247142e-05
2.146920e-01 2.016238e-05
2.328920e-01 1.951902e-05
2.526360e-01 1.369499e-05
2.740540e-01 1.683054e-05
2.972870e-01 8.990825e-06
3.224900e-01 6.080886e-06
3.498290e-01 8.412187e-06
3.794860e-01 7.941584e-06
4.116580e-01 6.893148e-06
4.465570e-01 4.360367e-06
4.844140e-01 7.591550e-06
5.254810e-01 2.600981e-06
5.700290e-01 2.440090e-06
6.183540e-01 2.880334e-06
6.707760e-01 1.082319e-06
7.276420e-01 1.305260e-06
7.893290e-01 1.615717e-06
8.562450e-01 1.150228e-06
9.288350e-01 1.345190e-06
1.007578e+00 1.006829e-06
1.092997e+00 7.975038e-07
1.185657e+00 5.967760e-07
1.286173e+00 4.789892e-07
1.395210e+00 5.614070e-07
1.513491e+00 3.649802e-07
1.641799e+00 2.464437e-07
1.780984e+00 2.584162e-07
1.931970e+00 3.079515e-07
2.095755e+00 3.231428e-07
2.273425e+00 2.158044e-07
2.466158e+00 2.124292e-07
2.675230e+00 1.140876e-07
2.902026e+00 1.204576e-07
3.148049e+00 1.191597e-07
3.414929e+00 1.125428e-07
3.704434e+00 1.293935e-07
4.018483e+00 1.095162e-07
4.359155e+00 1.022738e-07
4.728708e+00 1.062285e-07
5.129591e+00 8.611907e-08
5.564458e+00 8.664270e-08
6.036193e+00 8.582315e-08
6.547919e+00 9.393694e-08
7.103028e+00 6.444560e-08
7.705196e+00 6.421024e-08
8.358414e+00 6.786901e-08
9.067010e+00 6.933087e-08
9.835678e+00 7.057841e-08
1.066951e+01 7.736718e-08
1.157403e+01 6.900787e-08
1.255524e+01 6.363037e-08
1.361962e+01 6.075570e-08
1.477425e+01 6.017792e-08
1.602675e+01 6.096302e-08
1.738544e+01 6.021701e-08
1.885931e+01 5.693293e-08
2.045814e+01 5.226080e-08
2.219250e+01 4.888674e-08
2.407390e+01 4.595804e-08
2.611480e+01 4.211110e-08
2.832872e+01 3.711454e-08
3.073032e+01 3.114341e-08
3.333553e+01 2.487236e-08
3.616159e+01 1.883672e-08
3.922724e+01 1.337448e-08
4.255278e+01 8.623662e-09
4.616024e+01 4.765046e-09
5.007354e+01 2.230254e-09
5.431859e+01 9.701691e-10
5.892352e+01 2.536854e-10
6.391884e+01 9.291727e-11
6.933765e+01 1.013668e-10
