# Electron beam PSF for BEAMER proximity correction
# Generated from Geant4 simulation by EBL GUI
# Source: psf_E100keV_beam70.0nm_resist30nm_Sn-MLD_run001.csv
# Beam energy: 100.0 keV
# Format: radius(um) relative_energy_deposition
# PSF normalized to maximum = 1.0
#
5.210000e-04 6.116581e-01
5.650000e-04 1.000000e+00
6.130000e-04 3.991965e-01
6.650000e-04 4.458168e-01
7.210000e-04 5.941238e-01
7.820000e-04 4.555303e-01
8.490000e-04 5.152701e-01
9.200000e-04 4.813911e-01
9.990000e-04 8.536143e-01
1.083000e-03 5.918093e-01
1.175000e-03 7.032866e-01
1.275000e-03 5.754473e-01
1.383000e-03 8.171046e-01
1.500000e-03 7.331139e-01
1.627000e-03 4.426940e-01
1.765000e-03 6.140365e-01
1.915000e-03 5.774425e-01
2.077000e-03 7.159035e-01
2.253000e-03 6.155080e-01
2.444000e-03 6.776138e-01
2.651000e-03 6.215919e-01
2.876000e-03 7.299060e-01
3.120000e-03 7.176869e-01
3.384000e-03 7.222678e-01
3.671000e-03 5.773740e-01
3.982000e-03 7.361205e-01
4.320000e-03 6.662547e-01
4.686000e-03 6.907857e-01
5.084000e-03 6.283398e-01
5.514000e-03 6.575787e-01
5.982000e-03 7.126582e-01
6.489000e-03 6.849170e-01
7.039000e-03 7.061838e-01
7.636000e-03 7.152176e-01
8.283000e-03 7.028091e-01
8.986000e-03 6.589531e-01
9.747000e-03 6.862549e-01
1.057400e-02 6.790877e-01
1.147000e-02 6.564580e-01
1.244300e-02 6.576715e-01
1.349700e-02 6.274386e-01
1.464200e-02 6.322525e-01
1.588300e-02 6.205683e-01
1.722900e-02 5.993601e-01
1.869000e-02 5.836273e-01
2.027400e-02 5.627449e-01
2.199300e-02 5.428041e-01
2.385800e-02 5.234925e-01
2.588000e-02 4.937776e-01
2.807400e-02 4.539576e-01
3.045400e-02 4.108768e-01
3.303600e-02 3.807360e-01
3.583700e-02 3.373855e-01
3.887500e-02 3.017355e-01
4.217100e-02 2.551033e-01
4.574600e-02 2.091452e-01
4.962400e-02 1.700304e-01
5.383100e-02 1.296253e-01
5.839400e-02 9.332205e-02
6.334500e-02 6.550027e-02
6.871500e-02 4.376964e-02
7.454100e-02 2.689861e-02
8.086000e-02 1.450955e-02
8.771500e-02 7.602863e-03
9.515100e-02 3.493299e-03
1.032170e-01 1.572822e-03
1.119680e-01 6.806747e-04
1.214600e-01 3.218627e-04
1.317570e-01 1.891165e-04
1.429270e-01 1.624436e-04
1.550440e-01 1.297508e-04
1.681880e-01 8.856209e-05
1.824460e-01 4.997961e-05
1.979130e-01 6.994459e-05
2.146920e-01 3.610507e-05
2.328920e-01 3.050947e-05
2.526360e-01 1.764236e-05
2.740540e-01 2.047732e-05
2.972870e-01 1.629265e-05
3.224900e-01 1.520065e-05
3.498290e-01 9.675555e-06
3.794860e-01 1.085912e-05
4.116580e-01 9.980502e-06
4.465570e-01 6.532778e-06
4.844140e-01 5.299796e-06
5.254810e-01 6.383953e-06
5.700290e-01 4.496960e-06
6.183540e-01 3.805028e-06
6.707760e-01 3.896771e-06
7.276420e-01 1.904779e-06
7.893290e-01 1.912827e-06
8.562450e-01 1.905307e-06
9.288350e-01 1.856091e-06
1.007578e+00 6.051471e-07
1.092997e+00 1.154835e-06
1.185657e+00 9.277944e-07
1.286173e+00 7.205691e-07
1.395210e+00 6.613080e-07
1.513491e+00 5.101104e-07
1.641799e+00 5.054803e-07
1.780984e+00 3.865846e-07
1.931970e+00 3.953281e-07
2.095755e+00 2.792435e-07
2.273425e+00 3.698192e-07
2.466158e+00 2.478537e-07
2.675230e+00 2.805591e-07
2.902026e+00 1.457751e-07
3.148049e+00 1.248847e-07
3.414929e+00 1.424607e-07
3.704434e+00 1.257478e-07
4.018483e+00 1.138984e-07
4.359155e+00 1.256398e-07
4.728708e+00 1.251569e-07
5.129591e+00 1.783772e-07
5.564458e+00 1.212572e-07
6.036193e+00 9.791018e-08
6.547919e+00 9.371305e-08
7.103028e+00 9.128052e-08
7.705196e+00 9.317702e-08
8.358414e+00 6.999631e-08
9.067010e+00 1.990344e-07
9.835678e+00 5.776982e-07
1.066951e+01 6.169182e-07
1.157403e+01 6.263141e-07
1.255524e+01 6.337608e-07
1.361962e+01 6.306250e-07
1.477425e+01 5.924136e-07
1.602675e+01 5.477773e-07
1.738544e+01 5.245239e-07
1.885931e+01 4.875900e-07
2.045814e+01 4.702916e-07
2.219250e+01 4.419715e-07
2.407390e+01 4.027943e-07
2.611480e+01 3.613493e-07
2.832872e+01 3.226773e-07
3.073032e+01 2.685809e-07
3.333553e+01 2.173720e-07
3.616159e+01 1.643406e-07
3.922724e+01 1.257254e-07
4.255278e+01 8.561520e-08
4.616024e+01 5.122724e-08
5.007354e+01 2.530643e-08
5.431859e+01 1.035646e-08
5.892352e+01 3.660419e-09
6.391884e+01 2.949497e-10
6.933765e+01 1.932650e-10
7.521584e+01 7.099651e-10
